data/20210423162319_1227/BireView.png 0 0 0 0 0 0 1 1
data/20210423184310_1214/BireView.png 1 0 1 0 0 0 0 0
data/20201127154058_95/BireView.png 0 0 0 0 0 0 0 1
data/20210422150406_1323/BireView.png 0 1 0 0 0 1 0 0
data/20201129160624_215/BireView.png 0 0 1 0 0 0 0 0
data/20201129114537_216/BireView.png 0 0 0 0 0 1 0 1
data/20210426103219_1293/BireView.png 0 0 0 0 0 0 0 1
data/20210428182740_1261/BireView.png 0 0 0 0 1 0 0 1
data/20210423100112_1254/BireView.png 0 0 0 0 0 0 0 1
data/20210429112833_1219/BireView.png 0 0 0 0 1 0 0 1
data/20201128160208_202/BireView.png 1 0 0 0 0 0 0 0
data/20201205171417_60/BireView.png 0 0 0 0 0 0 0 1
data/20210428165623_1232/BireView.png 0 0 0 0 1 0 0 0
data/20201111115321_170/BireView.png 0 0 1 0 0 0 0 1
data/20210429200128_1265/BireView.png 0 1 0 0 1 0 0 1
data/20201127111855_71/BireView.png 0 0 1 0 0 0 0 0
data/20210423180822_1307/BireView.png 0 0 0 0 0 0 0 1
data/20201128171722_254/BireView.png 0 0 0 0 0 0 1 1
data/20210428151240_1244/BireView.png 0 0 0 0 0 0 0 1
data/20201127113922_232/BireView.png 0 0 0 0 0 0 1 1
data/20210423115255_1290/BireView.png 1 0 0 0 0 0 0 1
data/20210425113609_1271/BireView.png 0 0 0 0 0 0 0 1
data/20210422104225_1248/BireView.png 0 1 0 0 0 0 1 0
data/20210427095622_1294/BireView.png 0 0 0 0 0 0 0 1
data/20210429105659_1316/BireView.png 0 1 0 0 1 0 0 1
data/20201203094517_155/BireView.png 0 0 0 0 0 0 0 1
data/20210427194624_1324/BireView.png 0 1 0 0 0 1 0 1
data/20210423093043_1296/BireView.png 0 0 0 0 0 0 1 0
data/20201123171843_79/BireView.png 0 0 0 0 0 0 0 1
data/20210430111648_1224/BireView.png 1 1 0 0 1 0 0 0
data/20201128121215_217/BireView.png 1 0 0 0 0 0 0 1
data/20210425182926_1240/BireView.png 0 0 0 0 0 0 0 1
data/20210422170946_1217/BireView.png 0 0 0 0 0 0 0 1
data/20201128151028_234/BireView.png 0 0 0 0 0 1 0 1
data/20201202145142_316/BireView.png 0 0 1 1 0 0 0 1
data/20210428190921_1235/BireView.png 0 1 0 0 0 0 0 1
data/20210422145528_1237/BireView.png 0 0 0 0 0 0 0 1
data/20201202155325_98/BireView.png 0 0 0 0 0 0 0 1
data/20201127171056_189/BireView.png 1 0 1 0 0 0 0 0
data/20210422191250_1288/BireView.png 0 0 0 1 0 0 0 0
data/20201126164607_170/BireView.png 0 0 0 0 0 1 0 1
data/20210428200718_1266/BireView.png 1 1 0 0 0 0 0 1
data/20210429204228_1286/BireView.png 1 0 0 0 0 0 0 0
data/20210430102730_1242/BireView.png 0 1 0 0 0 0 0 1
data/20210422210325_1301/BireView.png 0 0 0 1 0 0 0 1
data/20201127162207_138/BireView.png 0 0 0 0 0 0 0 1
data/20210426115640_1312/BireView.png 0 0 0 0 0 0 0 1
data/20210430113153_1226/BireView.png 0 1 0 0 0 0 0 0
data/20201116165803_178/BireView.png 0 0 0 0 0 0 0 1
data/20201128103757_248/BireView.png 1 0 1 0 0 0 0 1
data/20210428185542_1238/BireView.png 0 1 0 0 0 0 1 0
data/20210422094542_1220/BireView.png 0 0 0 0 0 0 1 0
data/20210426165412_1306/BireView.png 0 1 0 1 0 0 0 0
data/20210426113908_1277/BireView.png 0 1 0 0 0 0 0 0
data/20201129162626_107/BireView.png 0 0 0 0 0 0 0 1
data/20210425114419_1309/BireView.png 0 1 0 0 0 0 0 0
data/20210428095725_1218/BireView.png 0 0 0 0 0 0 0 1
data/20210425121205_1303/BireView.png 0 1 1 0 0 0 0 0
data/20201125160624_98/BireView.png 0 0 0 0 0 0 0 1
data/20210427191828_1302/BireView.png 0 0 0 1 0 0 0 1
data/20210428181550_1317/BireView.png 1 0 0 1 0 0 0 1
data/20201206102024_215/BireView.png 1 1 0 1 0 0 0 0
data/20210423111952_1258/BireView.png 1 1 1 0 0 0 0 0
data/20201203145747_153/BireView.png 0 1 1 0 0 0 0 1
data/20210429193847_1216/BireView.png 0 1 0 0 1 0 0 0
data/20201127093817_80/BireView.png 0 1 1 0 0 0 0 0
data/20210423192918_1280/BireView.png 0 0 0 0 0 0 0 1
data/20210427202640_1291/BireView.png 1 0 1 0 0 0 0 1
data/20210423170029_1287/BireView.png 0 1 0 0 0 0 0 1
data/20210426191057_1255/BireView.png 1 1 1 0 0 0 0 1
data/20210429181618_1268/BireView.png 1 0 1 0 0 0 0 1
data/20210428160725_1211/BireView.png 0 1 0 0 1 0 0 1
data/20210422162622_1289/BireView.png 0 0 0 0 0 0 1 1
data/20201127102157_269/BireView.png 1 0 0 0 0 0 0 1
data/20210426172653_1245/BireView.png 0 0 0 0 1 0 0 0
data/20210426150809_1213/BireView.png 0 1 0 0 0 0 0 0
data/20210429155844_1313/BireView.png 0 0 0 0 0 0 0 1
data/20210422114615_1297/BireView.png 0 1 0 0 0 0 0 0
data/20201206104446_216/BireView.png 1 0 1 1 0 0 0 1
data/20201205121403_76/BireView.png 0 0 0 0 0 0 0 1
data/20210425110946_1310/BireView.png 0 0 0 0 0 0 1 1
data/20210425192902_1252/BireView.png 1 0 1 0 0 0 0 0
data/20210427190726_1260/BireView.png 0 1 0 0 0 0 0 1
data/20210427103437_1267/BireView.png 0 1 0 0 0 0 0 1
data/20210423151017_1269/BireView.png 0 0 0 0 0 0 0 1
data/20210422102136_1270/BireView.png 0 1 1 0 0 0 0 0
data/20210428152939_1305/BireView.png 0 0 1 0 0 0 0 1
data/20201127143838_178/BireView.png 0 0 0 0 0 0 1 0
data/20210427121950_1315/BireView.png 0 1 0 0 0 0 0 1
data/20210427181438_1236/BireView.png 1 1 1 1 0 0 0 0
data/20210426094345_1274/BireView.png 0 1 0 0 0 0 0 0
data/20210427100742_1228/BireView.png 1 0 0 0 0 0 0 1
data/20210426190153_1212/BireView.png 0 0 0 0 0 0 0 1
data/20210426181752_1253/BireView.png 1 1 0 1 0 0 0 0
data/20210423145945_1330/BireView.png 0 0 0 0 0 0 0 1
data/20210422182119_1314/BireView.png 1 1 1 0 0 0 0 0
data/20210426183506_1272/BireView.png 0 1 0 0 0 0 0 1
data/20210428195719_1259/BireView.png 0 1 0 0 0 0 0 1
data/20210428103243_1247/BireView.png 0 0 0 0 0 0 0 1
data/20201202105024_100/BireView.png 0 0 0 0 0 0 0 1
data/20201205114735_101/BireView.png 0 0 0 0 0 0 0 1
data/20210423105113_1281/BireView.png 1 0 1 0 0 0 1 0
data/20210430143754_1282/BireView.png 1 1 0 0 0 0 0 0
data/20210426151509_1322/BireView.png 1 1 0 0 0 0 0 0
data/20210429095247_1273/BireView.png 0 0 0 0 1 0 0 1
data/20210425192137_1222/BireView.png 0 1 1 0 0 0 0 0
data/20210429184431_1284/BireView.png 0 0 0 0 0 0 0 1
data/20210429142620_1229/BireView.png 1 1 0 0 0 0 0 0
data/20201118120459_126/BireView.png 0 0 1 0 0 1 0 1
data/20210423104818_1319/BireView.png 1 1 0 1 0 0 0 0
data/20201206114511_248/BireView.png 0 0 0 0 0 0 1 1
data/20201126102518_94/BireView.png 1 1 0 0 0 0 0 1
data/20210422182412_1276/BireView.png 0 0 0 0 0 0 1 1
data/20210429160626_1233/BireView.png 0 0 0 0 0 0 0 1
data/20210429190742_1251/BireView.png 0 1 0 0 1 0 0 1
data/20210428111705_1263/BireView.png 0 1 0 0 0 0 0 0
data/20201112160843_147/BireView.png 0 0 0 0 0 0 1 1
data/20210428161018_1292/BireView.png 0 0 0 0 0 0 0 1
data/20210422104934_1225/BireView.png 1 0 0 1 0 1 0 1
data/20210422170853_1250/BireView.png 0 0 0 0 0 0 1 1
data/20210427202937_1300/BireView.png 1 1 0 0 0 0 0 1
data/20210429164804_1304/BireView.png 0 0 0 1 0 0 1 1
data/20210426143511_1213/BireView.png 0 0 0 0 0 1 0 1